003042758
002948022
002948029
003181642
003043619
003043610
003042760
003042761
003042759
003042755
002948024
002948031
002948028
002948035
002948034
002948020
002482081
002482082
003283598
002482129
002481296
002424751
002481334
003044862
002481337
002481345
003042773
003177887
003177888
003181645
003181643
003184694
002482015
002481956
003162904
003162901
003162895
003044863
003044860
003044858
003185385
003185384
003044861
002947946
002947944
002945047
003309500
003309496
003309495
002482110
002482111
002482113
002481841
003238450
003238458
002481792
002481793
003309515
002481845
002481906
002481901
002481965
003185480
003078482
002481652
002481649
002482071
002955041
003269664
002945025
002945017
003044428
003055861
002945017
003055861
002948153
003034285
003162812
003307785
003113714
003180009
003042379
003042376
002424217
002424212
002424209
002424218
003040745
003184697
003042788
003042778
003042765
003042661
003238461
003118688
003238471
003113703
003185408
002424309
002424301
003042660
003113713
003042657
002948033
002948021
003113503
003042659
003042658
003042659
003042779
003042655
003042654
003042656
003042660
003042754
003042756
003042756
003042754
