003703327
003703322
003084886
003249402
003249403
003249405
003277297
003277296
003835549
003248853
003084892
003220486
003249471
003248843
003249416
003249474
003249472
003249406
003220490
003220484
003220488
002036004
003220496
003100597
003277310
003276453
003276445
003416311
003207417
002035974
002036268
003220493
003220492
003200884
003853666
003585337
003200885
003835688
003835681
003277304
003075764
003248847
003248855
003220494
003102129
003084902
003277292
003277294
003277315
003277349
003085942
003092646
003220483
003092647
003093464
003585040
003249455
003787564
003247888
003249418
003084889
003084910
003249427
003249430
003249419
003249424
003249438
003220495
003220487
003249467
003277353
003277320
003084995
003220406
985757
003249464
003186906
002481840
002482206
002482127
003309472
002481791
002481747
002481743
003186914
003181621
003309497
003179159
003179159
003179156
003179155
003341841
003416308
003341765
003585167
003818199
003080044
003080054
003080051
003080050
003850022
003833341
002038247
003254259
002038245
003913981
003252407
003252434
003818191
003818202
003818200
003818201
003203212
003203215
003288972
003203217
003180314
003203223
003203222
003286804
003286805
003286806
003286807
003286807
003025018
003025014
003203219
003203218
003203220
003203221
003203227
003203216
003203226
003203225
003203214
003203213
003288812
003203230
003203229
003203228
003025606
003025607
002949188
003025605
003286803
003025198
003286800
003286801
003286802
001848050
001848050
00                        withoutzeros=sed 's/^.\{,9\}//' "$response";
00                        withoutzeros=sed 's/^.\{,9\}//' "$response";
00                        withoutzeros=sed 's/^.\{,9\}//' "$response";

00                        withoutzeros=sed 's/^.\{,9\}//' "$response";
00                        withoutzeros=sed 's/^.\{,9\}//' "$response";
withoutzeros=sed 's/^.\{,9\}//' "$response";
001848050
[A
001848050
001848050
001848050
001848050
001848050
001848050
[A
001848050
001848050
