003407820
003407822
003407824
003407825
003407826
003407827
003407830
003407831
003089818
003089827
003089836
003089865
003089868
003092771
003092773
003092785
003092799
003092800
003095204
003095207
003095210
003221488
003221491
003221494
003221498
003221505
003221512
003275507
002642804
003251425
001909125
002008373
001909123
003252430
003851112
003851130
003851135
003851137
003815381
003815383
003815385
003815459
003815460
003851117
003851113
003851115
003851139
003910440
003910436
003815439
003815503
003815438
003815416
003815404
002189441
002189442
002189453
002189456
003910455
003910450
003910441
003910432
003910467
003910452
003815376
003815375
003815514
003815527
003910437
003910443
003910433
003851081
003815377
003815424
002189454
003815521
003815520
003815529
003910438
003815444
003815501
003851123
003815441
003815420
002189443
002189444
003815378
003815363
003815443
003910461
003910444
003815505
003815506
003815432
003815433
003910456
003910445
003910447
003815356
003815359
003910114
003815436
003815453
003910430
003910457
003815368
003815366
003815360
002189439
003815365
003815532
003815422
003851140
003815528
003815533
003815421
003910442
003815358
003815429
003815362
003815352
003910466
003910453
003815445
003815502
003815427
003815417
002189450
002189457
003910459
003815353
003815379
003815374
003815516
003815513
003815524
003910446
003910434
003815511
003815500
003815413
003815370
003851121
003815435
003815536
003851136
003910431
003815440
003815412
003910474
003910468
003910464
003910435
003910482
003910463
003815456
003815523
003815522
003815535
003815512
003815446
003815426
003815364
003815442
003205051
003205055
003205058
003341393
003205049
003205054
003205061
003205060
003341350
003205059
003850802
003923790
003923737
