003016745
002984337
002984339
002984340
002984342
002984343
002984346
002956785
003016755
003407820
003407822
003407824
003407825
003407826
003407827
003407830
003407831
003202195
003202197
003250570
003274329
003096653
003096658
003096714
003096724
003096728
003096729
003096742
003336975
003056274
002956249
003191547
003084530
003084533
003275318
003275349
003275351
003275354
003275357
003275363
003275364
003275365
003275720
003275325
003231905
003251689
003039774
003039776
003039777
003039778
003039779
003039780
003039781
003039782
003039788
003039789
003039791
003039793
003039795
003039796
003039797
003039798
003039799
003039801
001829877
001886373
002297422
002890215
002295239
001906697
002174467
002174469
003276377
003276379
002928442
003084529
002887888
002928429
002928565
003912314
003851112
003851130
003851135
003851137
003923383
003254383
003254384
003923381
003923382
003275432
003039766
003039768
003039771
003039772
003039802
003032857
003032855
003113143
003113155
003113144
003039794
003039792
003039787
003039785
003039767
003039773
003039770
003039769
003039783
003113154
003113153
003032854
003032853
003032856
003060189
003060205
003060209
003060212
003060207
003060223
003041193
003041052
003040477
003060230
003060194
003060197
003060198
003060201
003060202
003060203
003060206
003060211
003060213
003060218
003060219
003060220
003032362
003060225
003060229
003040481
003041196
003041197
003041198
003041199
003041201
003041202
003041203
003041204
003041206
003041195
003164471
003164503
003040480
003298414
003310669
003310701
003310678
003310679
003310684
003310284
003310687
003310689
003310691
003310288
003310675
003310673
003310676
003 310 6
003310672
003312348
003311314
003311313
003311312
003311311
003310703
003310702
003310700
003310697
003311323
003311321
003311319
003311315
003311332
003311331
003311330
003311329
003311326
003311328
003311327
003311336
003311338
003311339
003310690
003310694
003310696
003310668
003312357
003312356
003312355
003312354
003312352
003312351
003312350
003312349
003311320
003312353
003923384
003851117
003851113
003851115
003851139
003910053
003910054
003910103
003910146
003910087
003923338
003910080
003910129
003910128
003912310
003910066
003910058
003910061
003910152
003910027
003910134
003910109
003910156
003910045
003910121
003910126
003910165
003851123
003910091
003910086
003910023
003910138
003910133
003910163
003910139
003910153
003910154
003910024
003910029
003910145
003910102
003910120
003910131
003910070
003910093
003910065
003910028
003910161
003910132
003910114
003910083
003910074
003910090
003910032
003910060
003910069
003923342
003910071
003910073
003910042
003910130
003910136
003910147
003910116
003910107
003851140
003910044
003910056
003910137
003910050
003910046
003910039
003910118
003910043
003231440
003910067
003851121
003910123
003851136
003910078
003910033
003910036
003910127
003910125
003041053
003041054
003113149
003113145
003041062
003113138
003113140
003041047
003113147
003041055
003113141
003041049
003041059
003041058
003041057
003041048
003041051
003113142
003113152
003113136
003113137
003113148
003041061
003041046
003041050
003041060
003311415
003923790
003923789
003586126
003852852
003186062
003186063
003186068
003186073
003186078
003186079
003186081
003186082
003186083
003186084
003186086
003186089
003043602
003044592
003044545
003044546
003044547
003044548
003044550
003044552
003044557
003044561
003044565
003044566
003044567
003044568
003044570
003044572
003044573
003044578
003044580
003044581
003044582
003044583
003044585
003044586
003044593
003044594
003044595
003044597