003850623	
002643287	
003248886	
003923790	
003923789	
003205682	
003815604	
003815607	
003815608	
003815610	
003836177	
003836180	
003836181	
003912932	
003913181	
003913189	
003252393	
003252442	
003585981	
003585982	
003834320	
003585970	
003586062	
003586066	
003586067	
003586068	
002887548	
003416315	
003263665	
003249833	prosessori	7	HÄLYTYS
003913270	
003586126	
003852852	
003923737	
003080017	
003080019	
003080063	
003247284	
003247285	
003247298	
003249818	
003249821	
003254717	
003416681	
003703889	
003913785	
003817399	
003923729	
003923736	
003923738	
003923787	
003923745	
003265038	
003265040	
003265043	
003265044	
003265046	
003265047	
003265048	
003265049	
003265050	
002887551	
002887567	
003084304	
003233564	
002192315	
003084307	
003084308	
003084301	
003818007	
003249169	prosessori	7 HÄLYTYS